-77.476000 -84.824000 0.641134 0.000000 0.000000 0.000000 0.000000 0.000000 0.000000
-25.876000 -84.824000 0.711134 0.000000 0.000000 0.000000 0.000000 0.000000 0.000000
25.723000 -84.824000 0.727800 0.000000 0.000000 0.000000 0.000000 0.000000 0.000000
77.323000 -84.824000 0.684466 0.000000 0.000000 0.000000 0.000000 0.000000 0.000000
-77.476000 -28.021000 0.121133 0.000000 0.000000 0.000000 0.000000 0.000000 0.000000
-25.876000 -28.021000 0.187800 0.000000 0.000000 0.000000 0.000000 0.000000 0.000000
25.723000 -28.021000 0.214466 0.000000 0.000000 0.000000 0.000000 0.000000 0.000000
77.323000 -28.021000 0.171134 0.000000 0.000000 0.000000 0.000000 0.000000 0.000000
-77.476000 28.782000 -0.462200 0.000000 0.000000 0.000000 0.000000 0.000000 0.000000
-25.876000 28.782000 -0.382200 0.000000 0.000000 0.000000 0.000000 0.000000 0.000000
25.723000 28.782000 -0.352200 0.000000 0.000000 0.000000 0.000000 0.000000 0.000000
77.323000 28.782000 -0.385533 0.000000 0.000000 0.000000 0.000000 0.000000 0.000000
-77.476000 85.585000 -0.065533 0.000000 0.000000 0.000000 0.000000 0.000000 0.000000
-25.876000 85.585000 0.011133 0.000000 0.000000 0.000000 0.000000 0.000000 0.000000
25.723000 85.585000 0.034466 0.000000 0.000000 0.000000 0.000000 0.000000 0.000000
77.322000 85.585000 0.011133 0.000000 0.000000 0.000000 0.000000 0.000000 0.000000

